forward_offset: 0.30788291750238617
offset_x: 0.30788291750238617
offset_y: 0.002669422010862529
where: forward
